0.000000e+00  0.000000e+00 
3.141593e-02  3.141076e-02 
6.283185e-02  6.279052e-02 
9.424778e-02  9.410831e-02 
1.256637e-01  1.253332e-01 
1.570796e-01  1.564345e-01 
1.884956e-01  1.873813e-01 
2.199115e-01  2.181432e-01 
2.513274e-01  2.486899e-01 
2.827433e-01  2.789911e-01 
3.141593e-01  3.090170e-01 
3.455752e-01  3.387379e-01 
3.769911e-01  3.681246e-01 
4.084070e-01  3.971479e-01 
4.398230e-01  4.257793e-01 
4.712389e-01  4.539905e-01 
5.026548e-01  4.817537e-01 
5.340708e-01  5.090414e-01 
5.654867e-01  5.358268e-01 
5.969026e-01  5.620834e-01 
6.283185e-01  5.877853e-01 
6.597345e-01  6.129071e-01 
6.911504e-01  6.374240e-01 
7.225663e-01  6.613119e-01 
7.539822e-01  6.845471e-01 
7.853982e-01  7.071068e-01 
8.168141e-01  7.289686e-01 
8.482300e-01  7.501111e-01 
8.796459e-01  7.705132e-01 
9.110619e-01  7.901550e-01 
9.424778e-01  8.090170e-01 
9.738937e-01  8.270806e-01 
1.005310e+00  8.443279e-01 
1.036726e+00  8.607420e-01 
1.068142e+00  8.763067e-01 
1.099557e+00  8.910065e-01 
1.130973e+00  9.048271e-01 
1.162389e+00  9.177546e-01 
1.193805e+00  9.297765e-01 
1.225221e+00  9.408808e-01 
1.256637e+00  9.510565e-01 
1.288053e+00  9.602937e-01 
1.319469e+00  9.685832e-01 
1.350885e+00  9.759168e-01 
1.382301e+00  9.822873e-01 
1.413717e+00  9.876883e-01 
1.445133e+00  9.921147e-01 
1.476549e+00  9.955620e-01 
1.507964e+00  9.980267e-01 
1.539380e+00  9.995066e-01 
1.570796e+00  1.000000e+00 
1.602212e+00  9.685892e-01 
1.633628e+00  9.372095e-01 
1.665044e+00  9.058917e-01 
1.696460e+00  8.746668e-01 
1.727876e+00  8.435655e-01 
1.759292e+00  8.126187e-01 
1.790708e+00  7.818568e-01 
1.822124e+00  7.513101e-01 
1.853540e+00  7.210089e-01 
1.884956e+00  6.909830e-01 
1.916372e+00  6.612621e-01 
1.947787e+00  6.318754e-01 
1.979203e+00  6.028521e-01 
2.010619e+00  5.742207e-01 
2.042035e+00  5.460095e-01 
2.073451e+00  5.182463e-01 
2.104867e+00  4.909586e-01 
2.136283e+00  4.641732e-01 
2.167699e+00  4.379166e-01 
2.199115e+00  4.122147e-01 
2.230531e+00  3.870929e-01 
2.261947e+00  3.625760e-01 
2.293363e+00  3.386881e-01 
2.324779e+00  3.154529e-01 
2.356194e+00  2.928932e-01 
2.387610e+00  2.710314e-01 
2.419026e+00  2.498889e-01 
2.450442e+00  2.294868e-01 
2.481858e+00  2.098450e-01 
2.513274e+00  1.909830e-01 
2.544690e+00  1.729194e-01 
2.576106e+00  1.556721e-01 
2.607522e+00  1.392580e-01 
2.638938e+00  1.236933e-01 
2.670354e+00  1.089935e-01 
2.701770e+00  9.517295e-02 
2.733186e+00  8.224537e-02 
2.764602e+00  7.022351e-02 
2.796017e+00  5.911923e-02 
2.827433e+00  4.894348e-02 
2.858849e+00  3.970631e-02 
2.890265e+00  3.141684e-02 
2.921681e+00  2.408324e-02 
2.953097e+00  1.771275e-02 
2.984513e+00  1.231166e-02 
3.015929e+00  7.885299e-03 
3.047345e+00  4.438035e-03 
3.078761e+00  1.973272e-03 
3.110177e+00  4.934396e-04 
3.141593e+00  0.000000e+00 
